{
 "cells": [
  {
   "cell_type": "markdown",
   "id": "settled-diversity",
   "metadata": {
    "id": "settled-diversity"
   },
   "source": [
    "# Exercício de Programação 4\n",
    "\n",
    "<font color=\"red\">**Prazo de submissão: 23:55 do dia 06.08.2021** </font>\n",
    "\n",
    "2021.1 Álgebra Linear Computacional - DCC - UFMG\n",
    "\n",
    "Erickson - Fabricio\n",
    "\n",
    "Instruções:\n",
    "* Antes de submeter suas soluções, certifique-se de que tudo roda como esperado. Primeiro, **reinicie o kernel** no menu, selecione Kernel$\\rightarrow$Restart e então execute **todas as células** (no menu, Cell$\\rightarrow$Run All)\n",
    "* Apenas o arquivo .ipynb deve ser submetido. Ele não deve ser compactado.\n",
    "* Não deixe de preencher seu nome e número de matrícula na célula a seguir"
   ]
  },
  {
   "cell_type": "markdown",
   "id": "rational-architecture",
   "metadata": {
    "id": "rational-architecture"
   },
   "source": [
    "**Nome do aluno:** Daniel Oliveira Barbosa\n",
    "\n",
    "**Matricula:** 2020006450"
   ]
  },
  {
   "cell_type": "markdown",
   "id": "committed-lecture",
   "metadata": {
    "id": "committed-lecture"
   },
   "source": [
    "## Introdução\n",
    "Esse EP será dividido em 3 partes:\n",
    "1. PCA\n",
    "2. Regressão Linear Simples\n",
    "3. Regressão Múltipla\n",
    "\n",
    "Os conceitos cobrados aqui são discutidos nas aulas que abrangem o conteúdo de cada parte e elas devem ser a principal fonte de consulta para suas soluções.\n",
    "\n",
    "Para as três partes, iremos trabalhar com um dataset (já disponível aqui no código) que contém os preços de imóveis do [Condado de King](https://pt.wikipedia.org/wiki/Condado_de_King_(Washington)) (Washington, EUA). O objetivo desse exercício é utilizar das técnicas aprendidas em aula para prever os preços imobiliários do condado através das características dos imóveis."
   ]
  },
  {
   "cell_type": "code",
   "execution_count": 1,
   "id": "limiting-sterling",
   "metadata": {
    "id": "limiting-sterling"
   },
   "outputs": [],
   "source": [
    "# ATENÇÃO: Não editar esta célula\n",
    "\n",
    "############### Write code below ##################\n",
    "import numpy as np\n",
    "data = np.array([[2.2190e+05, 3.0000e+00, 1.0000e+00, 1.1800e+03, 5.6500e+03,\n",
    "        1.0000e+00, 3.0000e+00, 7.0000e+00, 1.1800e+03, 1.9550e+03,\n",
    "        1.3400e+03, 5.6500e+03],\n",
    "       [5.3800e+05, 3.0000e+00, 2.2500e+00, 2.5700e+03, 7.2420e+03,\n",
    "        2.0000e+00, 3.0000e+00, 7.0000e+00, 2.1700e+03, 1.9510e+03,\n",
    "        1.6900e+03, 7.6390e+03],\n",
    "       [1.8000e+05, 2.0000e+00, 1.0000e+00, 7.7000e+02, 1.0000e+04,\n",
    "        1.0000e+00, 3.0000e+00, 6.0000e+00, 7.7000e+02, 1.9330e+03,\n",
    "        2.7200e+03, 8.0620e+03],\n",
    "       [6.0400e+05, 4.0000e+00, 3.0000e+00, 1.9600e+03, 5.0000e+03,\n",
    "        1.0000e+00, 5.0000e+00, 7.0000e+00, 1.0500e+03, 1.9650e+03,\n",
    "        1.3600e+03, 5.0000e+03],\n",
    "       [5.1000e+05, 3.0000e+00, 2.0000e+00, 1.6800e+03, 8.0800e+03,\n",
    "        1.0000e+00, 3.0000e+00, 8.0000e+00, 1.6800e+03, 1.9870e+03,\n",
    "        1.8000e+03, 7.5030e+03],\n",
    "       [2.5750e+05, 3.0000e+00, 2.2500e+00, 1.7150e+03, 6.8190e+03,\n",
    "        2.0000e+00, 3.0000e+00, 7.0000e+00, 1.7150e+03, 1.9950e+03,\n",
    "        2.2380e+03, 6.8190e+03],\n",
    "       [2.9185e+05, 3.0000e+00, 1.5000e+00, 1.0600e+03, 9.7110e+03,\n",
    "        1.0000e+00, 3.0000e+00, 7.0000e+00, 1.0600e+03, 1.9630e+03,\n",
    "        1.6500e+03, 9.7110e+03],\n",
    "       [2.2950e+05, 3.0000e+00, 1.0000e+00, 1.7800e+03, 7.4700e+03,\n",
    "        1.0000e+00, 3.0000e+00, 7.0000e+00, 1.0500e+03, 1.9600e+03,\n",
    "        1.7800e+03, 8.1130e+03],\n",
    "       [3.2300e+05, 3.0000e+00, 2.5000e+00, 1.8900e+03, 6.5600e+03,\n",
    "        2.0000e+00, 3.0000e+00, 7.0000e+00, 1.8900e+03, 2.0030e+03,\n",
    "        2.3900e+03, 7.5700e+03],\n",
    "       [6.6250e+05, 3.0000e+00, 2.5000e+00, 3.5600e+03, 9.7960e+03,\n",
    "        1.0000e+00, 3.0000e+00, 8.0000e+00, 1.8600e+03, 1.9650e+03,\n",
    "        2.2100e+03, 8.9250e+03],\n",
    "       [4.6800e+05, 2.0000e+00, 1.0000e+00, 1.1600e+03, 6.0000e+03,\n",
    "        1.0000e+00, 4.0000e+00, 7.0000e+00, 8.6000e+02, 1.9420e+03,\n",
    "        1.3300e+03, 6.0000e+03],\n",
    "       [3.1000e+05, 3.0000e+00, 1.0000e+00, 1.4300e+03, 1.9901e+04,\n",
    "        1.5000e+00, 4.0000e+00, 7.0000e+00, 1.4300e+03, 1.9270e+03,\n",
    "        1.7800e+03, 1.2697e+04],\n",
    "       [4.0000e+05, 3.0000e+00, 1.7500e+00, 1.3700e+03, 9.6800e+03,\n",
    "        1.0000e+00, 4.0000e+00, 7.0000e+00, 1.3700e+03, 1.9770e+03,\n",
    "        1.3700e+03, 1.0208e+04],\n",
    "       [5.3000e+05, 5.0000e+00, 2.0000e+00, 1.8100e+03, 4.8500e+03,\n",
    "        1.5000e+00, 3.0000e+00, 7.0000e+00, 1.8100e+03, 1.9000e+03,\n",
    "        1.3600e+03, 4.8500e+03],\n",
    "       [6.5000e+05, 4.0000e+00, 3.0000e+00, 2.9500e+03, 5.0000e+03,\n",
    "        2.0000e+00, 3.0000e+00, 9.0000e+00, 1.9800e+03, 1.9790e+03,\n",
    "        2.1400e+03, 4.0000e+03],\n",
    "       [3.9500e+05, 3.0000e+00, 2.0000e+00, 1.8900e+03, 1.4040e+04,\n",
    "        2.0000e+00, 3.0000e+00, 7.0000e+00, 1.8900e+03, 1.9940e+03,\n",
    "        1.8900e+03, 1.4018e+04],\n",
    "       [4.8500e+05, 4.0000e+00, 1.0000e+00, 1.6000e+03, 4.3000e+03,\n",
    "        1.5000e+00, 4.0000e+00, 7.0000e+00, 1.6000e+03, 1.9160e+03,\n",
    "        1.6100e+03, 4.3000e+03],\n",
    "       [1.8900e+05, 2.0000e+00, 1.0000e+00, 1.2000e+03, 9.8500e+03,\n",
    "        1.0000e+00, 4.0000e+00, 7.0000e+00, 1.2000e+03, 1.9210e+03,\n",
    "        1.0600e+03, 5.0950e+03],\n",
    "       [2.3000e+05, 3.0000e+00, 1.0000e+00, 1.2500e+03, 9.7740e+03,\n",
    "        1.0000e+00, 4.0000e+00, 7.0000e+00, 1.2500e+03, 1.9690e+03,\n",
    "        1.2800e+03, 8.8500e+03],\n",
    "       [3.8500e+05, 4.0000e+00, 1.7500e+00, 1.6200e+03, 4.9800e+03,\n",
    "        1.0000e+00, 4.0000e+00, 7.0000e+00, 8.6000e+02, 1.9470e+03,\n",
    "        1.4000e+03, 4.9800e+03],\n",
    "       [2.8500e+05, 5.0000e+00, 2.5000e+00, 2.2700e+03, 6.3000e+03,\n",
    "        2.0000e+00, 3.0000e+00, 8.0000e+00, 2.2700e+03, 1.9950e+03,\n",
    "        2.2400e+03, 7.0050e+03],\n",
    "       [2.5270e+05, 2.0000e+00, 1.5000e+00, 1.0700e+03, 9.6430e+03,\n",
    "        1.0000e+00, 3.0000e+00, 7.0000e+00, 1.0700e+03, 1.9850e+03,\n",
    "        1.2200e+03, 8.3860e+03],\n",
    "       [3.2900e+05, 3.0000e+00, 2.2500e+00, 2.4500e+03, 6.5000e+03,\n",
    "        2.0000e+00, 4.0000e+00, 8.0000e+00, 2.4500e+03, 1.9850e+03,\n",
    "        2.2000e+03, 6.8650e+03],\n",
    "       [2.3300e+05, 3.0000e+00, 2.0000e+00, 1.7100e+03, 4.6970e+03,\n",
    "        1.5000e+00, 5.0000e+00, 6.0000e+00, 1.7100e+03, 1.9410e+03,\n",
    "        1.0300e+03, 4.7050e+03],\n",
    "       [6.6700e+05, 3.0000e+00, 1.0000e+00, 1.4000e+03, 1.5810e+03,\n",
    "        1.5000e+00, 5.0000e+00, 8.0000e+00, 1.4000e+03, 1.9090e+03,\n",
    "        1.8600e+03, 3.8610e+03],\n",
    "       [4.3800e+05, 3.0000e+00, 1.7500e+00, 1.5200e+03, 6.3800e+03,\n",
    "        1.0000e+00, 3.0000e+00, 7.0000e+00, 7.9000e+02, 1.9480e+03,\n",
    "        1.5200e+03, 6.2350e+03]])"
   ]
  },
  {
   "cell_type": "code",
   "execution_count": 2,
   "id": "lesbian-intent",
   "metadata": {
    "id": "lesbian-intent"
   },
   "outputs": [],
   "source": [
    "import matplotlib.pyplot as plt"
   ]
  },
  {
   "cell_type": "markdown",
   "id": "computational-birth",
   "metadata": {
    "id": "computational-birth"
   },
   "source": [
    "### Questão 1 - PCA\n"
   ]
  },
  {
   "cell_type": "markdown",
   "id": "itffvRYMizM_",
   "metadata": {
    "id": "itffvRYMizM_"
   },
   "source": [
    "Nessa primeira parte, vamos implementar o algoritmo do PCA como foi descrito nas aulas. O primeiro passo é obter a matriz $X$ da mesma forma como é usado na aula, em que cada linha linha é um atributo (variável), e cada coluna é uma instância de dados. \n",
    "\n",
    "**1.1.1** Como a matriz **data** definida acima está com os valores na forma transposta a essa (instâncias nas linhas e atributos nas colunas), então podemos obter **X** a partir de **data** usando o seu transposto."
   ]
  },
  {
   "cell_type": "code",
   "execution_count": 3,
   "id": "4ckXBj9JhBlM",
   "metadata": {
    "colab": {
     "base_uri": "https://localhost:8080/"
    },
    "id": "4ckXBj9JhBlM",
    "outputId": "b784c17b-fd04-4702-903e-d9b74b2d0de5"
   },
   "outputs": [
    {
     "name": "stdout",
     "output_type": "stream",
     "text": [
      "(12, 26)\n"
     ]
    }
   ],
   "source": [
    "# ATENÇÃO: Não editar esta célula\n",
    "X = data.T\n",
    "n, m = X.shape\n",
    "print(X.shape)"
   ]
  },
  {
   "cell_type": "markdown",
   "id": "p-8x7-bAla2h",
   "metadata": {
    "id": "p-8x7-bAla2h"
   },
   "source": [
    "O próximo passo agora é fazer a **z-normalização** como é descrito em [aula](https://youtu.be/hlaLh-chsyE?t=1415). Para isso, podemos seguir os 4 passos que são sugeridos em aula:\n",
    "\n",
    "1. Calcular a média $\\mu$ de cada atributo (linha) de **X**.\n",
    "1. Subtrair de cada valor de **X** a média da linha correspondente.\n",
    "1. Calcular a variância de cada linha de **X**.\n",
    "1. Dividir cada valor de **X** pelo desvio padrão (obtido a partir da variância) da linha correspondente."
   ]
  },
  {
   "cell_type": "markdown",
   "id": "h_ZBCsZLnmXk",
   "metadata": {
    "id": "h_ZBCsZLnmXk"
   },
   "source": [
    "**1.1.2** Então, primeiramente vamos calcular a média $\\mu$ das linhas de **X**:\n",
    "\n",
    "$$\\mu = \\frac{1}{m} \\sum_{i=1}^{m} \\textbf{x}^{(i)}$$\n",
    "\n",
    "Podemos fazer isso facilmente no `numpy`, considerando a média ao longo da dimensão dos atributos na matriz $X$. Para isso podemos usar [`np.mean`](https://numpy.org/doc/stable/reference/generated/numpy.mean.html), especificando o valor correto do parâmetro `axis`. Note que o resultado $\\mu$ é um vetor coluna de tamanho 12. Calcule esse vetor $\\mu$ a seguir e guarde o resultado em uma variável **mu**."
   ]
  },
  {
   "cell_type": "code",
   "execution_count": 4,
   "id": "Xba2RhWLlZuq",
   "metadata": {
    "colab": {
     "base_uri": "https://localhost:8080/"
    },
    "id": "Xba2RhWLlZuq",
    "outputId": "4d559b6d-c4d4-47d8-c325-8e536556a041"
   },
   "outputs": [
    {
     "name": "stdout",
     "output_type": "stream",
     "text": [
      "(12, 1)\n",
      "[[3.87113462e+05]\n",
      " [3.15384615e+00]\n",
      " [1.75000000e+00]\n",
      " [1.72557692e+03]\n",
      " [7.68476923e+03]\n",
      " [1.36538462e+00]\n",
      " [3.53846154e+00]\n",
      " [7.19230769e+00]\n",
      " [1.47557692e+03]\n",
      " [1.95815385e+03]\n",
      " [1.71030769e+03]\n",
      " [7.19411538e+03]]\n"
     ]
    }
   ],
   "source": [
    "# Insira seu código aqui\n",
    "# mu = ... \n",
    "mu = np.mean(X,axis=1).reshape(-1,1)\n",
    "print(mu.shape)\n",
    "print(mu)"
   ]
  },
  {
   "cell_type": "markdown",
   "id": "pV7TJX-Qn43E",
   "metadata": {
    "id": "pV7TJX-Qn43E"
   },
   "source": [
    "**1.1.3** Agora que calculamos $\\mu$ podemos centralizar os dados com essa média. Para isso, basta subtratir cada coluna de **X** (cada observação) por essa média:\n",
    "\n",
    "$$\\textbf{x}^{(i)} = \\textbf{x}^{(i)} - \\mu$$\n",
    "\n",
    " Isso pode ser feito através do uso de *broadcasting*, em que o cálculo pode ser feito apenas por uma operação. Calcule essa operação a seguir e salve a matriz resultante numa variável **X_mc**."
   ]
  },
  {
   "cell_type": "code",
   "execution_count": 5,
   "id": "tkziI-02n8Vk",
   "metadata": {
    "colab": {
     "base_uri": "https://localhost:8080/"
    },
    "id": "tkziI-02n8Vk",
    "outputId": "0f8efe63-c5da-417a-c92e-70e0df82dd45"
   },
   "outputs": [
    {
     "name": "stdout",
     "output_type": "stream",
     "text": [
      "(12, 26)\n",
      "[[-1.65213462e+05  1.50886538e+05 -2.07113462e+05  2.16886538e+05\n",
      "   1.22886538e+05 -1.29613462e+05 -9.52634615e+04 -1.57613462e+05\n",
      "  -6.41134615e+04  2.75386538e+05  8.08865385e+04 -7.71134615e+04\n",
      "   1.28865385e+04  1.42886538e+05  2.62886538e+05  7.88653846e+03\n",
      "   9.78865385e+04 -1.98113462e+05 -1.57113462e+05 -2.11346154e+03\n",
      "  -1.02113462e+05 -1.34413462e+05 -5.81134615e+04 -1.54113462e+05\n",
      "   2.79886538e+05  5.08865385e+04]\n",
      " [-1.53846154e-01 -1.53846154e-01 -1.15384615e+00  8.46153846e-01\n",
      "  -1.53846154e-01 -1.53846154e-01 -1.53846154e-01 -1.53846154e-01\n",
      "  -1.53846154e-01 -1.53846154e-01 -1.15384615e+00 -1.53846154e-01\n",
      "  -1.53846154e-01  1.84615385e+00  8.46153846e-01 -1.53846154e-01\n",
      "   8.46153846e-01 -1.15384615e+00 -1.53846154e-01  8.46153846e-01\n",
      "   1.84615385e+00 -1.15384615e+00 -1.53846154e-01 -1.53846154e-01\n",
      "  -1.53846154e-01 -1.53846154e-01]\n",
      " [-7.50000000e-01  5.00000000e-01 -7.50000000e-01  1.25000000e+00\n",
      "   2.50000000e-01  5.00000000e-01 -2.50000000e-01 -7.50000000e-01\n",
      "   7.50000000e-01  7.50000000e-01 -7.50000000e-01 -7.50000000e-01\n",
      "   0.00000000e+00  2.50000000e-01  1.25000000e+00  2.50000000e-01\n",
      "  -7.50000000e-01 -7.50000000e-01 -7.50000000e-01  0.00000000e+00\n",
      "   7.50000000e-01 -2.50000000e-01  5.00000000e-01  2.50000000e-01\n",
      "  -7.50000000e-01  0.00000000e+00]\n",
      " [-5.45576923e+02  8.44423077e+02 -9.55576923e+02  2.34423077e+02\n",
      "  -4.55769231e+01 -1.05769231e+01 -6.65576923e+02  5.44230769e+01\n",
      "   1.64423077e+02  1.83442308e+03 -5.65576923e+02 -2.95576923e+02\n",
      "  -3.55576923e+02  8.44230769e+01  1.22442308e+03  1.64423077e+02\n",
      "  -1.25576923e+02 -5.25576923e+02 -4.75576923e+02 -1.05576923e+02\n",
      "   5.44423077e+02 -6.55576923e+02  7.24423077e+02 -1.55769231e+01\n",
      "  -3.25576923e+02 -2.05576923e+02]\n",
      " [-2.03476923e+03 -4.42769231e+02  2.31523077e+03 -2.68476923e+03\n",
      "   3.95230769e+02 -8.65769231e+02  2.02623077e+03 -2.14769231e+02\n",
      "  -1.12476923e+03  2.11123077e+03 -1.68476923e+03  1.22162308e+04\n",
      "   1.99523077e+03 -2.83476923e+03 -2.68476923e+03  6.35523077e+03\n",
      "  -3.38476923e+03  2.16523077e+03  2.08923077e+03 -2.70476923e+03\n",
      "  -1.38476923e+03  1.95823077e+03 -1.18476923e+03 -2.98776923e+03\n",
      "  -6.10376923e+03 -1.30476923e+03]\n",
      " [-3.65384615e-01  6.34615385e-01 -3.65384615e-01 -3.65384615e-01\n",
      "  -3.65384615e-01  6.34615385e-01 -3.65384615e-01 -3.65384615e-01\n",
      "   6.34615385e-01 -3.65384615e-01 -3.65384615e-01  1.34615385e-01\n",
      "  -3.65384615e-01  1.34615385e-01  6.34615385e-01  6.34615385e-01\n",
      "   1.34615385e-01 -3.65384615e-01 -3.65384615e-01 -3.65384615e-01\n",
      "   6.34615385e-01 -3.65384615e-01  6.34615385e-01  1.34615385e-01\n",
      "   1.34615385e-01 -3.65384615e-01]\n",
      " [-5.38461538e-01 -5.38461538e-01 -5.38461538e-01  1.46153846e+00\n",
      "  -5.38461538e-01 -5.38461538e-01 -5.38461538e-01 -5.38461538e-01\n",
      "  -5.38461538e-01 -5.38461538e-01  4.61538462e-01  4.61538462e-01\n",
      "   4.61538462e-01 -5.38461538e-01 -5.38461538e-01 -5.38461538e-01\n",
      "   4.61538462e-01  4.61538462e-01  4.61538462e-01  4.61538462e-01\n",
      "  -5.38461538e-01 -5.38461538e-01  4.61538462e-01  1.46153846e+00\n",
      "   1.46153846e+00 -5.38461538e-01]\n",
      " [-1.92307692e-01 -1.92307692e-01 -1.19230769e+00 -1.92307692e-01\n",
      "   8.07692308e-01 -1.92307692e-01 -1.92307692e-01 -1.92307692e-01\n",
      "  -1.92307692e-01  8.07692308e-01 -1.92307692e-01 -1.92307692e-01\n",
      "  -1.92307692e-01 -1.92307692e-01  1.80769231e+00 -1.92307692e-01\n",
      "  -1.92307692e-01 -1.92307692e-01 -1.92307692e-01 -1.92307692e-01\n",
      "   8.07692308e-01 -1.92307692e-01  8.07692308e-01 -1.19230769e+00\n",
      "   8.07692308e-01 -1.92307692e-01]\n",
      " [-2.95576923e+02  6.94423077e+02 -7.05576923e+02 -4.25576923e+02\n",
      "   2.04423077e+02  2.39423077e+02 -4.15576923e+02 -4.25576923e+02\n",
      "   4.14423077e+02  3.84423077e+02 -6.15576923e+02 -4.55769231e+01\n",
      "  -1.05576923e+02  3.34423077e+02  5.04423077e+02  4.14423077e+02\n",
      "   1.24423077e+02 -2.75576923e+02 -2.25576923e+02 -6.15576923e+02\n",
      "   7.94423077e+02 -4.05576923e+02  9.74423077e+02  2.34423077e+02\n",
      "  -7.55769231e+01 -6.85576923e+02]\n",
      " [-3.15384615e+00 -7.15384615e+00 -2.51538462e+01  6.84615385e+00\n",
      "   2.88461538e+01  3.68461538e+01  4.84615385e+00  1.84615385e+00\n",
      "   4.48461538e+01  6.84615385e+00 -1.61538462e+01 -3.11538462e+01\n",
      "   1.88461538e+01 -5.81538462e+01  2.08461538e+01  3.58461538e+01\n",
      "  -4.21538462e+01 -3.71538462e+01  1.08461538e+01 -1.11538462e+01\n",
      "   3.68461538e+01  2.68461538e+01  2.68461538e+01 -1.71538462e+01\n",
      "  -4.91538462e+01 -1.01538462e+01]\n",
      " [-3.70307692e+02 -2.03076923e+01  1.00969231e+03 -3.50307692e+02\n",
      "   8.96923077e+01  5.27692308e+02 -6.03076923e+01  6.96923077e+01\n",
      "   6.79692308e+02  4.99692308e+02 -3.80307692e+02  6.96923077e+01\n",
      "  -3.40307692e+02 -3.50307692e+02  4.29692308e+02  1.79692308e+02\n",
      "  -1.00307692e+02 -6.50307692e+02 -4.30307692e+02 -3.10307692e+02\n",
      "   5.29692308e+02 -4.90307692e+02  4.89692308e+02 -6.80307692e+02\n",
      "   1.49692308e+02 -1.90307692e+02]\n",
      " [-1.54411538e+03  4.44884615e+02  8.67884615e+02 -2.19411538e+03\n",
      "   3.08884615e+02 -3.75115385e+02  2.51688462e+03  9.18884615e+02\n",
      "   3.75884615e+02  1.73088462e+03 -1.19411538e+03  5.50288462e+03\n",
      "   3.01388462e+03 -2.34411538e+03 -3.19411538e+03  6.82388462e+03\n",
      "  -2.89411538e+03 -2.09911538e+03  1.65588462e+03 -2.21411538e+03\n",
      "  -1.89115385e+02  1.19188462e+03 -3.29115385e+02 -2.48911538e+03\n",
      "  -3.33311538e+03 -9.59115385e+02]]\n"
     ]
    }
   ],
   "source": [
    "# Insira seu código aqui\n",
    "# X_mc = ...\n",
    "X_mc = X - mu\n",
    "print(X_mc.shape)\n",
    "print(X_mc)"
   ]
  },
  {
   "cell_type": "markdown",
   "id": "w-Aj6W_upliO",
   "metadata": {
    "id": "w-Aj6W_upliO"
   },
   "source": [
    "**1.1.4** O próximo passo então é o cálculo da variância de cada linha (variável) de **X**. Como os valores já estão centralizados na média, então para isso basta calcular o quadrado de cada valor na matriz e somar os valores ao longo das linhas, e depois dividir por $m - 1$:\n",
    "\n",
    "$$\\sigma_j^2 = \\frac{1}{m - 1} \\sum_{i=1}^{m} ( \\textbf{x}_j^{(i)} )^2$$\n",
    "\n",
    "Assim como a média $\\mu$, o resultado dessa operação é um vetor coluna $\\sigma^2$, de tamanho 12. Calcule esse vetor a seguir e salve na variável **var**."
   ]
  },
  {
   "cell_type": "code",
   "execution_count": 6,
   "id": "BiiM1QzRrEbk",
   "metadata": {
    "colab": {
     "base_uri": "https://localhost:8080/"
    },
    "id": "BiiM1QzRrEbk",
    "outputId": "86b70cb5-9f9b-4758-dae0-55a1a239fb5d"
   },
   "outputs": [
    {
     "name": "stdout",
     "output_type": "stream",
     "text": [
      "(12, 1)\n",
      "[[2.39230175e+10]\n",
      " [6.15384615e-01]\n",
      " [4.40000000e-01]\n",
      " [3.92596654e+05]\n",
      " [1.28895891e+07]\n",
      " [1.91153846e-01]\n",
      " [4.98461538e-01]\n",
      " [4.01538462e-01]\n",
      " [2.29928654e+05]\n",
      " [8.28615385e+02]\n",
      " [1.95519262e+05]\n",
      " [6.47888755e+06]]\n"
     ]
    }
   ],
   "source": [
    "# Insira seu código aqui\n",
    "# var = ...\n",
    "var = np.var(X_mc,axis=1,ddof=1).reshape(-1,1)\n",
    "print(var.shape)\n",
    "print(var)"
   ]
  },
  {
   "cell_type": "markdown",
   "id": "axVI89qprke9",
   "metadata": {
    "id": "axVI89qprke9"
   },
   "source": [
    "**1.1.5** Agora que possuímos as variâncias de cada linha, podemos dividir cada observação de **X** pelo desvio padrão:\n",
    "\n",
    "$$x_j^{(i)} = x_j^{(i)} / \\sigma_j$$\n",
    "\n",
    "Primeiramente precisamos obter o vetor com os desvios padrão de cada linha $\\sigma$, que pode ser obtido simplesmente tomando a raíz quadrada de cada valor no vetor de variâncias $\\sigma^2$. Para isso podemos usar o [`numpy.sqrt`](https://numpy.org/doc/stable/reference/generated/numpy.sqrt.html). Depois disso, usamos o desvio padrão para dividir cada coluna de **X**. Note que assim como fizemos com a média, essa pode ser feita por *broadcasting* com apenas uma operação. Faça essa operação a seguir, salvando o vetor de desvios padrão numa variável **desvio_pad** e a matriz resultante da normalização em uma variável **Xz**."
   ]
  },
  {
   "cell_type": "code",
   "execution_count": 7,
   "id": "6THAUqKrtwqQ",
   "metadata": {
    "colab": {
     "base_uri": "https://localhost:8080/"
    },
    "id": "6THAUqKrtwqQ",
    "outputId": "03092a38-999f-414b-fa40-703b7dd858b3"
   },
   "outputs": [
    {
     "name": "stdout",
     "output_type": "stream",
     "text": [
      "[[1.54670674e+05]\n",
      " [7.84464541e-01]\n",
      " [6.63324958e-01]\n",
      " [6.26575338e+02]\n",
      " [3.59020738e+03]\n",
      " [4.37211443e-01]\n",
      " [7.06018086e-01]\n",
      " [6.33670625e-01]\n",
      " [4.79508763e+02]\n",
      " [2.87856802e+01]\n",
      " [4.42175600e+02]\n",
      " [2.54536590e+03]]\n",
      "(12, 26)\n",
      "[[-1.06816281  0.97553424 -1.33906096  1.40224732  0.79450445 -0.83799636\n",
      "  -0.61591159 -1.01902615 -0.41451595  1.78047028  0.52295976 -0.4985655\n",
      "   0.08331598  0.92381144  1.69965341  0.05098923  0.6328707  -1.28087281\n",
      "  -1.01579347 -0.01366427 -0.66019924 -0.86903003 -0.37572385 -0.99639742\n",
      "   1.80956435  0.32899927]\n",
      " [-0.19611614 -0.19611614 -1.47087101  1.07863874 -0.19611614 -0.19611614\n",
      "  -0.19611614 -0.19611614 -0.19611614 -0.19611614 -1.47087101 -0.19611614\n",
      "  -0.19611614  2.35339362  1.07863874 -0.19611614  1.07863874 -1.47087101\n",
      "  -0.19611614  1.07863874  2.35339362 -1.47087101 -0.19611614 -0.19611614\n",
      "  -0.19611614 -0.19611614]\n",
      " [-1.13066754  0.75377836 -1.13066754  1.8844459   0.37688918  0.75377836\n",
      "  -0.37688918 -1.13066754  1.13066754  1.13066754 -1.13066754 -1.13066754\n",
      "   0.          0.37688918  1.8844459   0.37688918 -1.13066754 -1.13066754\n",
      "  -1.13066754  0.          1.13066754 -0.37688918  0.75377836  0.37688918\n",
      "  -1.13066754  0.        ]\n",
      " [-0.87072837  1.34768004 -1.52507905  0.3741339  -0.07273973 -0.01688053\n",
      "  -1.06224564  0.08685799  0.26241549  2.92769754 -0.90264792 -0.47173405\n",
      "  -0.56749269  0.13473731  1.95415141  0.26241549 -0.20041792 -0.83880883\n",
      "  -0.75900996 -0.16849837  0.86888686 -1.04628587  1.15616277 -0.02486042\n",
      "  -0.51961337 -0.3280961 ]\n",
      " [-0.56675535 -0.12332692  0.64487383 -0.74780338  0.11008578 -0.24114742\n",
      "   0.56437708 -0.05982084 -0.31328809  0.5880526  -0.46926794  3.40265323\n",
      "   0.55574248 -0.7895837  -0.74780338  1.77015701 -0.94277819  0.60309351\n",
      "   0.58192482 -0.75337409 -0.38570731  0.54543667 -0.33000022 -0.83219962\n",
      "  -1.70011606 -0.36342447]\n",
      " [-0.83571604  1.4515068  -0.83571604 -0.83571604 -0.83571604  1.4515068\n",
      "  -0.83571604 -0.83571604  1.4515068  -0.83571604 -0.83571604  0.30789538\n",
      "  -0.83571604  0.30789538  1.4515068   1.4515068   0.30789538 -0.83571604\n",
      "  -0.83571604 -0.83571604  1.4515068  -0.83571604  1.4515068   0.30789538\n",
      "   0.30789538 -0.83571604]\n",
      " [-0.76267386 -0.76267386 -0.76267386  2.07011476 -0.76267386 -0.76267386\n",
      "  -0.76267386 -0.76267386 -0.76267386 -0.76267386  0.65372045  0.65372045\n",
      "   0.65372045 -0.76267386 -0.76267386 -0.76267386  0.65372045  0.65372045\n",
      "   0.65372045  0.65372045 -0.76267386 -0.76267386  0.65372045  2.07011476\n",
      "   2.07011476 -0.76267386]\n",
      " [-0.3034821  -0.3034821  -1.88158902 -0.3034821   1.27462482 -0.3034821\n",
      "  -0.3034821  -0.3034821  -0.3034821   1.27462482 -0.3034821  -0.3034821\n",
      "  -0.3034821  -0.3034821   2.85273174 -0.3034821  -0.3034821  -0.3034821\n",
      "  -0.3034821  -0.3034821   1.27462482 -0.3034821   1.27462482 -1.88158902\n",
      "   1.27462482 -0.3034821 ]\n",
      " [-0.6164161   1.44819684 -1.47145783 -0.88752689  0.42631771  0.49930907\n",
      "  -0.86667222 -0.88752689  0.86426591  0.80170188 -1.28376574 -0.0950492\n",
      "  -0.22017725  0.6974285   1.05195799  0.86426591  0.2594803  -0.57470675\n",
      "  -0.47043337 -1.28376574  1.65674361 -0.84581754  2.03212778  0.48888174\n",
      "  -0.15761323 -1.42974848]\n",
      " [-0.10956302 -0.248521   -0.87383192  0.23783193  1.00210082  1.28001679\n",
      "   0.16835294  0.06413445  1.55793275  0.23783193 -0.56117646 -1.08226889\n",
      "   0.65470587 -2.02023526  0.72418486  1.24527729 -1.46440334 -1.29070586\n",
      "   0.37678991 -0.38747899  1.28001679  0.93262183  0.93262183 -0.59591596\n",
      "  -1.7075798  -0.35273949]\n",
      " [-0.83746749 -0.04592676  2.28346455 -0.7922366   0.20284319  1.19339988\n",
      "  -0.13638856  0.15761229  1.53715471  1.13007662 -0.86008294  0.15761229\n",
      "  -0.76962115 -0.7922366   0.97176847  0.40638223 -0.22685036 -1.47070008\n",
      "  -0.97316019 -0.7017748   1.19792297 -1.10885289  1.10746117 -1.53854643\n",
      "   0.33853588 -0.4303894 ]\n",
      " [-0.60663789  0.17478219  0.34096654 -0.86200392  0.12135175 -0.14737189\n",
      "   0.98881054  0.36100296  0.1476741   0.68001407 -0.4691331   2.16192282\n",
      "   1.18406734 -0.92093455 -1.25487475  2.68090518 -1.1370135  -0.82468119\n",
      "   0.65054876 -0.86986134 -0.07429792  0.46825669 -0.12929983 -0.97790082\n",
      "  -1.30948379 -0.37680845]]\n"
     ]
    }
   ],
   "source": [
    "# Insira seu código aqui\n",
    "# desvio_pad = ...\n",
    "# Xz = ...\n",
    "desvio_pad = np.sqrt(var)\n",
    "Xz = X_mc/desvio_pad\n",
    "print(desvio_pad)\n",
    "print(Xz.shape)\n",
    "print(Xz)"
   ]
  },
  {
   "cell_type": "markdown",
   "id": "0O_1QSKVuwbp",
   "metadata": {
    "id": "0O_1QSKVuwbp"
   },
   "source": [
    "Agora que ja obtemos a matriz **X** z-normalizada, podemos partir para a implementação passo-a-passo do PCA, como foi descrito em [aula](https://youtu.be/UCuKFbxvRT4?t=1487). Note que, da forma como foi descrito na aula, nossa matriz já está na forma correta: linhas = atributos, e colunas = observações (ou instâncias). Porém, vale lembrar que para algumas implementações já prontas do PCA, pode ser que a forma requisitada seja o transposto.\n",
    "\n"
   ]
  },
  {
   "cell_type": "markdown",
   "id": "U8Wusco4v-gp",
   "metadata": {
    "id": "U8Wusco4v-gp"
   },
   "source": [
    "**1.2.1** Primeiramente, vamos obter a matriz de covariância **S** que é obtida a partir de **X**:\n",
    "\n",
    "$$S = X X^\\top$$\n",
    "\n",
    "Isso pode ser feito usando uma multiplicação de matrizes padrão. Faça essa operação a seguir, salvando a matriz numa variável **S**:"
   ]
  },
  {
   "cell_type": "code",
   "execution_count": 8,
   "id": "QRJ8Ufaqwkdh",
   "metadata": {
    "colab": {
     "base_uri": "https://localhost:8080/"
    },
    "id": "QRJ8Ufaqwkdh",
    "outputId": "266b6e20-e703-4378-f9e4-364f77507116"
   },
   "outputs": [
    {
     "name": "stdout",
     "output_type": "stream",
     "text": [
      "(12, 12)\n",
      "[[ 25.           9.19650951  10.99630979  14.21131802  -8.46517528\n",
      "    3.14123357   3.52024272  14.33454671   6.08947349  -3.83015558\n",
      "    1.9875408   -6.66643432]\n",
      " [  9.19650951  25.          12.01103304  10.5542553   -8.75307523\n",
      "    8.85908575  -0.27777778   8.51103633  10.22893619  -0.73580136\n",
      "    1.55322615  -7.17639496]\n",
      " [ 10.99630979  12.01103304  25.          18.54444748  -5.47717469\n",
      "   12.49942838  -3.73676584  10.70588565  14.63513722  13.73449395\n",
      "    7.84675092  -2.48148441]\n",
      " [ 14.21131802  10.5542553   18.54444748  25.          -3.40102073\n",
      "   12.10829999  -4.38108709  15.49485798  17.69976796   7.52271588\n",
      "    9.38262418  -1.51877056]\n",
      " [ -8.46517528  -8.75307523  -5.47717469  -3.40102073  25.\n",
      "   -1.83464665  -5.5412809   -4.77529819  -1.36216534   3.44629678\n",
      "    2.22501994  21.88361837]\n",
      " [  3.14123357   8.85908575  12.49942838  12.10829999  -1.83464665\n",
      "   25.          -3.6134105    7.84368247  20.61572566   7.63092487\n",
      "   12.2078691    0.69946056]\n",
      " [  3.52024272  -0.27777778  -3.73676584  -4.38108709  -5.5412809\n",
      "   -3.6134105   25.          -3.78268281  -3.89339423  -9.84853464\n",
      "  -10.93684496  -8.11909385]\n",
      " [ 14.33454671   8.51103633  10.70588565  15.49485798  -4.77529819\n",
      "    7.84368247  -3.78268281  25.          12.38146367   7.35888485\n",
      "    8.16742713  -4.07866617]\n",
      " [  6.08947349  10.22893619  14.63513722  17.69976796  -1.36216534\n",
      "   20.61572566  -3.89339423  12.38146367  25.           8.68237446\n",
      "    9.8955069    1.32940983]\n",
      " [ -3.83015558  -0.73580136  13.73449395   7.52271588   3.44629678\n",
      "    7.63092487  -9.84853464   7.35888485   8.68237446  25.\n",
      "    9.07776674   9.50773434]\n",
      " [  1.9875408    1.55322615   7.84675092   9.38262418   2.22501994\n",
      "   12.2078691  -10.93684496   8.16742713   9.8955069    9.07776674\n",
      "   25.           5.0804671 ]\n",
      " [ -6.66643432  -7.17639496  -2.48148441  -1.51877056  21.88361837\n",
      "    0.69946056  -8.11909385  -4.07866617   1.32940983   9.50773434\n",
      "    5.0804671   25.        ]]\n"
     ]
    }
   ],
   "source": [
    "# Insira seu código aqui\n",
    "# S = ...\n",
    "S = np.matmul(Xz,Xz.T)\n",
    "print(S.shape)\n",
    "print(S)"
   ]
  },
  {
   "cell_type": "markdown",
   "id": "CJaN8gpuwo_s",
   "metadata": {
    "id": "CJaN8gpuwo_s"
   },
   "source": [
    "**1.2.2** Então, agora que já possuímos **S**, o próximo passo é obter a sua decomposição espectral:\n",
    "\n",
    "$$S = E D E^\\top$$\n",
    "\n",
    "Para isso, podemos usar a função que ja usamos nos EP's passados [`np.linalg.eig`](https://numpy.org/doc/stable/reference/generated/numpy.linalg.eig.html). Lembre-se de que o retorno dessa função são duas variáveis: os autovalores em um vetor, e os autovetores correspondentes em uma matriz ortogonal (cada coluna `i` corresponde ao autovalor na posição `i`). Faça essa operação a seguir, salvando o vetor com autovalores em **D_vet** e autovetores em uma matriz **E**:"
   ]
  },
  {
   "cell_type": "code",
   "execution_count": 9,
   "id": "IqdMB2JOxPRb",
   "metadata": {
    "colab": {
     "base_uri": "https://localhost:8080/"
    },
    "id": "IqdMB2JOxPRb",
    "outputId": "9f76d18c-3780-480d-c905-22340b0f58a5"
   },
   "outputs": [
    {
     "name": "stdout",
     "output_type": "stream",
     "text": [
      "(12,) (12, 12)\n",
      "[110.23923107  66.78645737  25.82540838  24.08461839  20.3567365\n",
      "  17.39570785   0.54176754   2.1061148    3.82450112  12.07932993\n",
      "   6.61040151  10.14972553]\n",
      "[[-0.25392486  0.29771613 -0.5757828  -0.03338108  0.12088819 -0.04267729\n",
      "   0.31297636 -0.06626003 -0.11881969 -0.27339469  0.55150868 -0.04942313]\n",
      " [-0.27082817  0.2313906   0.1262835  -0.16516833 -0.01783075  0.7514786\n",
      "   0.11502601  0.06036685 -0.10963411  0.05287985 -0.07843283  0.47644686]\n",
      " [-0.39509345  0.00962857  0.01140096  0.05466674 -0.46504995  0.06668118\n",
      "  -0.36349781 -0.29846015  0.47205623 -0.41563648 -0.00374787 -0.05619829]\n",
      " [-0.4139718   0.02260976 -0.23906854 -0.07097244 -0.04890814 -0.01386375\n",
      "   0.02527345  0.49563389 -0.21809819 -0.13844022 -0.55169198 -0.38203773]\n",
      " [ 0.11661629 -0.48154263 -0.33671047 -0.37896753  0.03658636  0.12374161\n",
      "   0.43391892 -0.05776156  0.50084702  0.02381127 -0.18841448  0.04837049]\n",
      " [-0.3445626  -0.10795084  0.43637138 -0.34816954  0.20173934 -0.15075849\n",
      "  -0.03301642  0.47124338  0.27805891  0.05131073  0.43388278 -0.05648108]\n",
      " [ 0.12248055  0.35054984 -0.02282575 -0.54016767 -0.26170941 -0.4927883\n",
      "  -0.01263985  0.02963601 -0.07029754 -0.11540449 -0.19142474  0.45004181]\n",
      " [-0.34122187  0.0755269  -0.38104437  0.19333815  0.12688487 -0.18932551\n",
      "  -0.28297108  0.00883739  0.24317604  0.64863944 -0.06568185  0.28109144]\n",
      " [-0.39574724 -0.08759492  0.20102619 -0.35662836  0.06601133 -0.09519183\n",
      "   0.12756279 -0.6269171  -0.30422775  0.27387041 -0.07016108 -0.27003249]\n",
      " [-0.21821695 -0.3501441   0.10412663  0.31968326 -0.5862236  -0.18539127\n",
      "   0.42559204  0.13101935 -0.21429658  0.12690905  0.14327462  0.24054415]\n",
      " [-0.25384914 -0.26612221  0.11079193  0.24648676  0.53535494 -0.23103859\n",
      "   0.04179753 -0.12894412 -0.06978823 -0.4448759  -0.21412312  0.4297883 ]\n",
      " [ 0.04766861 -0.53291519 -0.28671313 -0.28185726 -0.07179983  0.12363327\n",
      "  -0.53599386  0.06366483 -0.40971889 -0.06529261  0.22203072  0.13736012]]\n"
     ]
    }
   ],
   "source": [
    "# Insira seu código aqui\n",
    "# D_vet, E = ...\n",
    "D_vet, E = np.linalg.eig(S)\n",
    "print(D_vet.shape,E.shape)\n",
    "print(D_vet)\n",
    "print(E)"
   ]
  },
  {
   "cell_type": "markdown",
   "id": "L6GY8Y-kxqQr",
   "metadata": {
    "id": "L6GY8Y-kxqQr"
   },
   "source": [
    "**1.2.3** O próximo passo do PCA é ordenar os autovalores em ordem decrescente. O motivo disso é deixar os componentes principais (autovetores com autovalores de maior magnitude) nas primeiras colunas de **E**. Portanto, quando reordenamos os autovalores, precisamos guardar qual a ordem que usamos para obtê-los na ordem decrescente, porque essa ordem também será usada para reordenar as colunas de **E**. Por exemplo, suponha que após executar o `np.linalg.eig` obtemos os seguintes autovalores:\n",
    "\n",
    "$$D_{vet} = [0.34,\\ 15.67,\\ 40.60,\\ 28.00,\\ 10.98]$$\n",
    "\n",
    "Então, a ordem dos *índices* que usamos para obter o vetor ordenado decrescentemente é a seguite (considerando que o array inicia com índice 0):\n",
    "\n",
    "$$[2, 3, 1, 4, 0]$$\n",
    "\n",
    "Felizmente, tanto o cálculo desse índice de ordenação quanto a reorganização dos valores dentro de vetores e matrizes pode ser feito facilmente pelo `numpy`. Primeiro, para calcularmos os índices de ordenação podemos usar a função [`numpy.argsort`](https://numpy.org/doc/stable/reference/generated/numpy.argsort.html). Um detalhe é que essa função retorna os índices para ordenar o vetor em ordem crescente, mas queremos ele em ordem decrescente. Para contornar essa limitação podemos reverter os índices resultantes, ou alterantivamente passar para função os valores de $D_{vet}$ com o sinal trocado. Calcule esses índices de ordenação, e guarde em uma variável **indx**:"
   ]
  },
  {
   "cell_type": "code",
   "execution_count": 22,
   "id": "VLdqQbXhxpmi",
   "metadata": {
    "colab": {
     "base_uri": "https://localhost:8080/"
    },
    "id": "VLdqQbXhxpmi",
    "outputId": "d5d99a86-c4cc-45e4-937b-34bd497d5c5e"
   },
   "outputs": [
    {
     "name": "stdout",
     "output_type": "stream",
     "text": [
      "[ 0  1  2  3  4  5  9 11 10  8  7  6]\n"
     ]
    }
   ],
   "source": [
    "# Insira seu código aqui\n",
    "# indx = ...\n",
    "indx = np.argsort(-D_vet)\n",
    "print(indx)"
   ]
  },
  {
   "cell_type": "markdown",
   "id": "DNslv6511PU1",
   "metadata": {
    "id": "DNslv6511PU1"
   },
   "source": [
    "**1.2.4** Agora que já temos os índices de ordenação, podemos usá-los para reordenar o vetor de autovalores **D_vet** e a matriz com autovetores **E**. O `numpy` permite fazer isso usando seus mecanismos de *indexação*. Usando os índices calculados anteriormente (e que ficam guardados em um `numpy.array`) podemos reordenar tanto o [vetor](https://numpy.org/doc/stable/user/basics.indexing.html#index-arrays) de autovalores quanto as [colunas da matriz](https://numpy.org/doc/stable/user/basics.indexing.html#indexing-multi-dimensional-arrays) dos autovetores. Portanto, podemos fazer essa reordenação com uma operação para os autovalores, e uma operação para os autovetores. Faça essa reordenação a seguir, salvando o vetor de autovalores reordenado em **D_vo**, e a matriz com os autovetores reordenados em **Eo**:"
   ]
  },
  {
   "cell_type": "code",
   "execution_count": 11,
   "id": "SPPeCMjr1rul",
   "metadata": {
    "colab": {
     "base_uri": "https://localhost:8080/"
    },
    "id": "SPPeCMjr1rul",
    "outputId": "ff1a0f81-bc91-40ba-e7d1-afa374996878"
   },
   "outputs": [
    {
     "name": "stdout",
     "output_type": "stream",
     "text": [
      "(12, 12)\n",
      "[[-0.25392486  0.29771613 -0.5757828  -0.03338108  0.12088819 -0.04267729\n",
      "  -0.27339469 -0.04942313  0.55150868 -0.11881969 -0.06626003  0.31297636]\n",
      " [-0.27082817  0.2313906   0.1262835  -0.16516833 -0.01783075  0.7514786\n",
      "   0.05287985  0.47644686 -0.07843283 -0.10963411  0.06036685  0.11502601]\n",
      " [-0.39509345  0.00962857  0.01140096  0.05466674 -0.46504995  0.06668118\n",
      "  -0.41563648 -0.05619829 -0.00374787  0.47205623 -0.29846015 -0.36349781]\n",
      " [-0.4139718   0.02260976 -0.23906854 -0.07097244 -0.04890814 -0.01386375\n",
      "  -0.13844022 -0.38203773 -0.55169198 -0.21809819  0.49563389  0.02527345]\n",
      " [ 0.11661629 -0.48154263 -0.33671047 -0.37896753  0.03658636  0.12374161\n",
      "   0.02381127  0.04837049 -0.18841448  0.50084702 -0.05776156  0.43391892]\n",
      " [-0.3445626  -0.10795084  0.43637138 -0.34816954  0.20173934 -0.15075849\n",
      "   0.05131073 -0.05648108  0.43388278  0.27805891  0.47124338 -0.03301642]\n",
      " [ 0.12248055  0.35054984 -0.02282575 -0.54016767 -0.26170941 -0.4927883\n",
      "  -0.11540449  0.45004181 -0.19142474 -0.07029754  0.02963601 -0.01263985]\n",
      " [-0.34122187  0.0755269  -0.38104437  0.19333815  0.12688487 -0.18932551\n",
      "   0.64863944  0.28109144 -0.06568185  0.24317604  0.00883739 -0.28297108]\n",
      " [-0.39574724 -0.08759492  0.20102619 -0.35662836  0.06601133 -0.09519183\n",
      "   0.27387041 -0.27003249 -0.07016108 -0.30422775 -0.6269171   0.12756279]\n",
      " [-0.21821695 -0.3501441   0.10412663  0.31968326 -0.5862236  -0.18539127\n",
      "   0.12690905  0.24054415  0.14327462 -0.21429658  0.13101935  0.42559204]\n",
      " [-0.25384914 -0.26612221  0.11079193  0.24648676  0.53535494 -0.23103859\n",
      "  -0.4448759   0.4297883  -0.21412312 -0.06978823 -0.12894412  0.04179753]\n",
      " [ 0.04766861 -0.53291519 -0.28671313 -0.28185726 -0.07179983  0.12363327\n",
      "  -0.06529261  0.13736012  0.22203072 -0.40971889  0.06366483 -0.53599386]]\n",
      "[110.23923107  66.78645737  25.82540838  24.08461839  20.3567365\n",
      "  17.39570785  12.07932993  10.14972553   6.61040151   3.82450112\n",
      "   2.1061148    0.54176754]\n"
     ]
    }
   ],
   "source": [
    "# Insira seu código aqui\n",
    "# D_vo = ...\n",
    "# Eo = ...\n",
    "D_vo = D_vet[indx]\n",
    "Eo = E[:,indx]\n",
    "print(E.shape)\n",
    "print(Eo)\n",
    "print(D_vo)"
   ]
  },
  {
   "cell_type": "markdown",
   "id": "yFiO_G4f24p-",
   "metadata": {
    "id": "yFiO_G4f24p-"
   },
   "source": [
    "*\n",
